1259110474
1537790411
1669879400
1234692083
1192329374
1875781361
1916659483
1220926753
1730726637
5743672670
1223178222
3261134763
1239246050
3591355593
1627500245
1666169631
1642351362
1815418641
1763582395
1195242865
1574684061
1241148864
1825457341
3623353053
1214435497
1650450024
1291477752
1563815015
1195813710
1831550987
1093897112
1749964961
1751675285
1278089051
1624923463
1288640027
1378010100
2812335943
1350310131
1195230310
1284876111
2608419283
1797270765
2060419113
1776845763
2609400635
1195300800
3800468188
1274327470
1533789260